[gd_scene load_steps=2 format=3 uid="uid://qpdvu8vwcnin"]

[ext_resource type="PackedScene" uid="uid://cuixol5qgt4t3" path="res://KayKit-Character-Pack-Adventures-1.0-672074b73ba276876a19e8816ecdc5241817ab47/addons/kaykit_character_pack_adventures/Characters/gltf/Rogue_Hooded.glb" id="1_urd5e"]

[node name="Rogue_Hooded" instance=ExtResource("1_urd5e")]

[node name="Skeleton3D" parent="Rig" index="0"]
bones/1/position = Vector3(4.35612e-18, 0.360311, 1.03858e-24)
bones/2/rotation = Quaternion(1.13516e-10, 8.46058e-09, -0.0436194, 0.999048)
bones/3/rotation = Quaternion(1.1265e-10, -8.44078e-09, 0.0436194, 0.999048)
bones/4/rotation = Quaternion(-0.709766, 0.10333, -0.315923, 0.621086)
bones/5/rotation = Quaternion(2.67715e-08, -7.83566e-08, -0.660507, 0.75082)
bones/7/rotation = Quaternion(-0.452018, -0.0852764, -0.0550352, 0.886216)
bones/8/rotation = Quaternion(1.60975e-09, 1.60975e-09, -0.707107, 0.707107)
bones/10/rotation = Quaternion(-0.619014, 0.390466, 0.552897, 0.398326)
bones/11/rotation = Quaternion(1.79284e-08, 2.77748e-08, 0.55878, 0.829316)
bones/13/rotation = Quaternion(-0.224384, 0.512771, 0.0960221, 0.823103)
bones/14/rotation = Quaternion(1.60973e-09, -1.60973e-09, 0.707107, 0.707107)
bones/21/position = Vector3(0.170945, 0.113587, 0.02)
bones/21/rotation = Quaternion(0.945631, -1.5637e-07, -2.05802e-10, 0.325241)
bones/22/rotation = Quaternion(0.376612, 6.39599e-08, -2.61546e-07, 0.926371)
bones/23/rotation = Quaternion(-0.644513, -4.28068e-08, 2.31531e-08, 0.764593)
bones/24/rotation = Quaternion(-3.04797e-08, 0.920355, -0.391084, 6.94849e-08)
bones/25/position = Vector3(-0.170945, 0.0835873, -0.02)
bones/25/rotation = Quaternion(0.998976, 2.62426e-07, 3.60852e-08, -0.045244)
bones/26/rotation = Quaternion(0.698352, -4.94182e-08, 4.84984e-07, 0.715755)
bones/27/rotation = Quaternion(-0.737541, 3.0265e-07, -2.95572e-07, 0.675303)
bones/28/rotation = Quaternion(1.01465e-07, 0.767443, -0.641118, -1.10931e-07)
bones/29/rotation = Quaternion(0.707107, -2.29302e-07, -4.60551e-08, 0.707107)
bones/30/position = Vector3(0.170945, 0.175613, 0.431855)
bones/30/rotation = Quaternion(-0.866347, -4.81625e-08, -8.80646e-08, 0.499443)
bones/31/position = Vector3(4.55695e-09, 0.362833, -2.42861e-15)
bones/31/rotation = Quaternion(7.10544e-15, -1.38321e-22, 1, -2.33983e-34)
bones/32/rotation = Quaternion(-1.04035e-07, 0.391084, 0.920355, -2.9526e-08)
bones/34/rotation = Quaternion(1, -3.10863e-15, 1.94707e-07, -6.91739e-22)
bones/36/rotation = Quaternion(0.707107, -3.82385e-08, 1.45009e-07, 0.707107)
bones/37/position = Vector3(-0.170945, -0.0391851, -0.0758827)
bones/37/rotation = Quaternion(-0.401708, -9.3657e-08, -3.77511e-08, 0.915768)
bones/38/position = Vector3(1.94581e-08, 0.362833, -7.45058e-09)
bones/38/rotation = Quaternion(7.10544e-15, -1.38321e-22, 1, -2.33983e-34)
bones/39/rotation = Quaternion(-1.04035e-07, 0.391084, 0.920355, -2.95261e-08)
bones/43/position = Vector3(0.453508, 0.88116, -0.883876)
bones/44/position = Vector3(0.513182, 0.86398, -0.177878)
bones/44/rotation = Quaternion(0.699997, 0.100023, 0.699997, 0.100023)
bones/45/position = Vector3(-0.453507, 0.88116, -0.883876)
bones/46/position = Vector3(-0.513182, 0.942072, 0.219093)
bones/46/rotation = Quaternion(-0.551742, 0.442245, 0.551742, -0.442245)

[node name="Knife_Offhand" parent="Rig/Skeleton3D" index="0"]
transform = Transform3D(7.47042e-07, 5.66244e-07, 0.999999, 0.959981, 0.280063, -4.63237e-07, -0.280063, 0.959981, -4.42282e-07, 0.515551, 0.729772, -0.140328)

[node name="1H_Crossbow" parent="Rig/Skeleton3D" index="1"]
transform = Transform3D(0.999999, -2.11424e-07, 1.89162e-07, 2.38024e-07, 0.97602, -0.217679, 1.41864e-07, 0.217679, 0.976019, -0.490235, 0.924829, 0.273178)

[node name="2H_Crossbow" parent="Rig/Skeleton3D" index="2"]
transform = Transform3D(0.999999, -2.11424e-07, 1.89162e-07, 2.38024e-07, 0.97602, -0.217679, 1.41864e-07, 0.217679, 0.976019, -0.490235, 0.924829, 0.273178)

[node name="Knife" parent="Rig/Skeleton3D" index="3"]
transform = Transform3D(-2.07401e-07, 8.74226e-08, 0.999999, 0.217679, 0.97602, -4.96863e-08, -0.97602, 0.217679, 5.90094e-08, -0.490235, 0.912163, 0.377552)

[node name="Throwable" parent="Rig/Skeleton3D" index="4"]
transform = Transform3D(-1.93715e-07, -3.17866e-08, 0.999999, 0.217679, 0.97602, 6.36852e-08, -0.97602, 0.217679, 9.83166e-08, -0.490235, 1.08809, 0.416788)

[node name="Rogue_Cape" parent="Rig/Skeleton3D" index="5"]
transform = Transform3D(1, 7.45058e-09, 1.98028e-11, -1.62844e-17, 1, -4.53628e-10, -1.98046e-11, 4.53629e-10, 1, 0.0326824, 1.16909, -8.13791e-11)
